[613194, 613209, 613197, 613195, 613208, 613207, 613200, 613205, 659098, 1303252, 1288957, 683385, 1293269, 374791, 16718, 374628, 428173, 503552, 515302, 520398, 520397, 613885, 616524, 498950, 376766, 524961, 390594, 397327, 514515, 474820, 486611, 435433, 1401711, 1441865, 1403814, 1402579, 1441874, 547860, 471601, 463127, 456585, 14620, 39127, 377140, 389777, 166531, 390596, 166757, 390401, 401289, 474500, 498000, 477288, 520991, 71730, 494744, 446647, 391297, 378561, 426936, 374620, 460324, 10959, 8526, 16578, 10960, 15654, 89189, 16750, 13199, 89368, 95405, 89228, 390186, 517427, 376034, 1373022, 1373029, 87788, 16867, 13200, 10953, 16442, 11429, 15425, 8388, 5403, 16581, 87676, 16580, 94007, 403081, 468534, 391128, 524070, 476134, 538901, 470807, 546609, 701697, 563256, 463115, 1247160, 615165, 515193, 632214, 580545, 584749, 531371, 593298, 569748, 593297, 593296, 646879, 643898, 645753, 684986]

["black_legwear", "white_legwear", "brown_legwear", "blue_legwear", "red_legwear", "purple_legwear", "grey_legwear", "pink_legwear", "black_footwear", "brown_footwear", "white_footwear", "red_footwear", "blue_footwear", "white_panties", "black_panties", "black_skirt", "blue_skirt", "red_skirt", "green_skirt", "white_skirt", "pink_skirt", "brown_skirt", "grey_skirt", "orange_skirt", "white_shirt", "black_shirt", "red_shirt", "blue_shirt", "pink_shirt", "black_gloves", "brown_gloves", "red_gloves", "red_neckwear", "black_neckwear", "blue_neckwear", "green_neckwear", "yellow_neckwear", "black_jacket", "black_bra", "white_bra", "pink_bra", "white_dress", "black_dress", "blue_dress", "red_dress", "pink_dress", "purple_dress", "green_dress", "red_ribbon", "yellow_ribbon", "black_ribbon", "blue_ribbon", "white_ribbon", "pink_ribbon", "dark_skin", "shiny_skin", "pale_skin", "white_skin", "blue_skin", "white_bikini", "black_bikini", "red_bikini", "blue_eyes", "red_eyes", "brown_eyes", "green_eyes", "purple_eyes", "yellow_eyes", "pink_eyes", "black_eyes", "aqua_eyes", "orange_eyes", "grey_eyes", "silver_eyes", "lavender_eyes","white_eyes", "red-framed_eyewear", "black-framed_eyewear", "blonde_hair", "brown_hair", "black_hair", "blue_hair", "purple_hair", "pink_hair", "silver_hair", "green_hair", "red_hair", "white_hair", "orange_hair", "grey_hair", "aqua_hair", "lavender_hair", "light_brown_hair","gradient_hair", "shiny_hair", "black_hat", "white_hat", "red_bow", "blue_bow", "white_bow", "yellow_bow", "pink_bow", "black_bow", "green_bow", "white_background", "grey_background", "blue_background", "pink_background", "gradient_background", "yellow_background", "black_background", "green_background", "red_background", "brown_background", "purple_background", "orange_background", "beige_background"]

to delete
219401 denim
3389 blush

{'black': 17, 'white': 15, 'brown': 7, 'blue': 12, 'red': 13, 'purple': 5, 'grey': 5, 'pink': 10, 'green': 7, 'orange': 4, 'yellow': 5, 'dark': 1, 'shiny': 2, 'pale': 1, 'aqua': 2, 'silver': 2, 'lavender': 2, 'red-framed': 1, 'black-framed': 1, 'blonde': 1, 'light_brown': 1, 'gradient': 2, 'beige': 1}

sorted
['black', 'white', 'red', 'blue', 'pink', 'green', 'brown', 'grey', 'yellow', 'purple', 'orange', 'silver', 'aqua', 'gradient', 'shiny', 'pale', 'lavender', 'light_brown', 'dark', 'beige', 'black-framed', 'red-framed', 'blonde']

{'background': 13, 'bikini': 3, 'bow': 7, 'bra': 3, 'dress': 7, 'eyes': 14, 'eyewear': 2, 'footwear': 5, 'gloves': 3, 'hair': 17, 'hat': 2, 'jacket': 1, 'legwear': 8, 'neckwear': 5, 'panties': 2, 'ribbon': 6, 'shirt': 5, 'skin': 5, 'skirt': 9}

sorted
['hair', 'background', 'eyes', 'skirt', 'legwear', 'bow', 'dress', 'ribbon', 'shirt', 'skin', 'footwear', 'neckwear', 'bikini', 'bra', 'gloves', 'panties', 'eyewear', 'hat', 'jacket']

23*19
[
    [1, 1, 1, 1, 1, 1, 1, 1, 1, 0, 1, 1, 1, 1, 1, 1, 0, 1, 1],
    [1, 1, 0, 1, 1, 1, 1, 1, 1, 1, 1, 0, 1, 1, 0, 1, 0, 1, 0],
    [1, 1, 1, 1, 1, 1, 1, 1, 1, 0, 1, 1, 1, 0, 1, 0, 0, 0, 0],
    [1, 1, 1, 1, 1, 1, 1, 1, 1, 1, 1, 1, 0, 0, 0, 0, 0, 0, 0],
    [1, 1, 1, 1, 1, 1, 1, 1, 1, 0, 0, 0, 0, 1, 0, 0, 0, 0, 0],
    [1, 1, 1, 1, 0, 1, 1, 0, 0, 0, 0, 1, 0, 0, 0, 0, 0, 0, 0],
    [1, 1, 1, 1, 1, 0, 0, 0, 0, 0, 1, 0, 0, 0, 1, 0, 0, 0, 0],
    [1, 1, 1, 1, 1, 0, 0, 0, 0, 0, 0, 0, 0, 0, 0, 0, 0, 0, 0],
    [0, 1, 1, 0, 0, 1, 0, 1, 0, 0, 0, 1, 0, 0, 0, 0, 0, 0, 0],
    [1, 1, 1, 0, 1, 0, 1, 0, 0, 0, 0, 0, 0, 0, 0, 0, 0, 0, 0],
    [1, 1, 1, 1, 0, 0, 0, 0, 0, 0, 0, 0, 0, 0, 0, 0, 0, 0, 0],
    [1, 0, 1, 0, 0, 0, 0, 0, 0, 0, 0, 0, 0, 0, 0, 0, 0, 0, 0],
    [1, 0, 1, 0, 0, 0, 0, 0, 0, 0, 0, 0, 0, 0, 0, 0, 0, 0, 0],
    [0, 1, 0, 0, 0, 0, 0, 0, 0, 0, 0, 0, 0, 0, 0, 0, 0, 0, 0],
    [0, 0, 0, 0, 0, 0, 0, 0, 0, 1, 0, 0, 0, 0, 0, 0, 0, 0, 0],
    [0, 0, 0, 0, 0, 0, 0, 0, 0, 1, 0, 0, 0, 0, 0, 0, 0, 0, 0],
    [1, 0, 0, 0, 0, 0, 0, 0, 0, 0, 0, 0, 0, 0, 0, 0, 0, 0, 0],
    [1, 0, 0, 0, 0, 0, 0, 0, 0, 0, 0, 0, 0, 0, 0, 0, 0, 0, 0],
    [0, 0, 0, 0, 0, 0, 0, 0, 0, 1, 0, 0, 0, 0, 0, 0, 0, 0, 0],
    [0, 1, 0, 0, 0, 0, 0, 0, 0, 0, 0, 0, 0, 0, 0, 0, 0, 0, 0],
    [0, 0, 0, 0, 0, 0, 0, 0, 0, 0, 0, 0, 0, 0, 0, 0, 1, 0, 0],
    [0, 0, 0, 0, 0, 0, 0, 0, 0, 0, 0, 0, 0, 0, 0, 0, 1, 0, 0],
    [1, 0, 0, 0, 0, 0, 0, 0, 0, 0, 0, 0, 0, 0, 0, 0, 0, 0, 0]
]

[
    [10872, 1204, 2211, 3719, 8753, 1816, 2933, 2049, 1573, 0, 3159, 1739, 1124, 607, 4625, 1232, 0, 9, 2023],
    [1992, 31651, 66, 334, 2997, 821, 2181, 374, 3636, 92, 732, 0, 464, 189, 0, 647, 0, 2, 0],
    [3654, 843, 17230, 1580, 504, 2901, 1140, 2998, 675, 0, 890, 3485, 297, 0, 431, 0, 0, 0, 0],
    [7025, 1888, 20049, 1992, 463, 1393, 1509, 1044, 825, 191, 429, 1067, 0, 0, 0, 0, 0, 0, 0],
    [5363, 1561, 2797, 429, 215, 602, 686, 413, 341, 0, 0, 0, 0, 146, 0, 0, 0, 0, 0],
    [3680, 692, 9113, 786, 0, 539, 338, 0, 0, 0, 0, 305, 0, 0, 0, 0, 0, 0, 0],
    [14121, 926, 11331, 330, 775, 0, 0, 0, 0, 0, 1313, 0, 0, 0, 629, 0, 0, 0, 0],
    [2809, 7275, 1807, 476, 376, 0, 0, 0, 0, 0, 0, 0, 0, 0, 0, 0, 0, 0, 0],
    [0, 226, 588, 0, 0, 305, 0, 88, 0, 0, 0, 131, 0, 0, 0, 0, 0, 0, 0],
    [6175, 603, 8577, 0, 326, 0, 550, 0, 0, 0, 0, 0, 0, 0, 0, 0, 0, 0, 0],
    [1668, 467, 1909, 160, 0, 0, 0, 0, 0, 0, 0, 0, 0, 0, 0, 0, 0, 0, 0],
    [6632, 0, 6, 0, 0, 0, 0, 0, 0, 0, 0, 0, 0, 0, 0, 0, 0, 0, 0],
    [1135, 0, 2053, 0, 0, 0, 0, 0, 0, 0, 0, 0, 0, 0, 0, 0, 0, 0, 0],
    [497, 1119, 0, 0, 0, 0, 0, 0, 0, 0, 0, 0, 0, 0, 0, 0, 0, 0, 0],
    [97, 0, 0, 0, 0, 0, 0, 0, 0, 746, 0, 0, 0, 0, 0, 0, 0, 0, 0],
    [0, 0, 0, 0, 0, 0, 0, 0, 0, 575, 0, 0, 0, 0, 0, 0, 0, 0, 0],
    [374, 0, 49, 0, 0, 0, 0, 0, 0, 0, 0, 0, 0, 0, 0, 0, 0, 0, 0],
    [976, 0, 0, 0, 0, 0, 0, 0, 0, 0, 0, 0, 0, 0, 0, 0, 0, 0, 0],
    [0, 0, 0, 0, 0, 0, 0, 0, 0, 1927, 0, 0, 0, 0, 0, 0, 0, 0, 0],
    [0, 529, 0, 0, 0, 0, 0, 0, 0, 0, 0, 0, 0, 0, 0, 0, 0, 0, 0],
    [0, 0, 0, 0, 0, 0, 0, 0, 0, 0, 0, 0, 0, 0, 0, 0, 511, 0, 0],
    [0, 0, 0, 0, 0, 0, 0, 0, 0, 0, 0, 0, 0, 0, 0, 0, 498, 0, 0],
    [15438, 0, 0, 0, 0, 0, 0, 0, 0, 0, 0, 0, 0, 0, 0, 0, 0, 0, 0]
]

{'613194': 4, '613209': 23, '613197': 118, '613195': 61, '613208': 42, '613207': 175, '613200': 137, '613205': 80, '659098': 10, '1303252': 124, '1288957': 29, '683385': 48, '1293269': 67, '374791': 34, '16718': 15, '374628': 3, '428173': 60, '503552': 41, '515302': 98, '520398': 22, '520397': 79, '613885': 117, '616524': 136, '498950': 193, '376766': 27, '524961': 8, '390594': 46, '397327': 65, '514515': 84, '474820': 14, '486611': 128, '435433': 52, '1401711': 49, '1441865': 11, '1403814': 68, '1402579': 106, '1441874': 163, '547860': 18, '471601': 13, '463127': 32, '456585': 89, '14620': 25, '39127': 6, '377140': 63, '389777': 44, '166531': 82, '390596': 177, '166757': 101, '390401': 45, '401289': 159, '474500': 7, '498000': 64, '477288': 26, '520991': 83, '71730': 351, '494744': 275, '446647': 294, '391297': 28, '378561': 66, '426936': 31, '374620': 12, '460324': 50, '10959': 59, '8526': 40, '16578': 116, '10960': 97, '15654': 173, '89189': 154, '16750': 78, '13199': 2, '89368': 230, '95405': 192, '89228': 135, '390186': 211, '517427': 306, '376034': 21, '1373022': 415, '1373029': 396, '87788': 418, '16867': 114, '13200': 0, '10953': 57, '16442': 171, '11429': 76, '15425': 209, '8388': 95, '5403': 38, '16581': 19, '87676': 190, '16580': 133, '94007': 228, '403081': 304, '468534': 323, '391128': 247, '524070': 266, '476134': 17, '538901': 36, '470807': 43, '546609': 62, '701697': 24, '563256': 157, '463115': 81, '1247160': 5, '615165': 100, '515193': 20, '632214': 134, '580545': 58, '584749': 77, '531371': 248, '593298': 153, '569748': 1, '593297': 96, '593296': 39, '646879': 115, '643898': 172, '645753': 191, '684986': 362}

appear times
{'10960': 9113, '16580': 2809, '89228': 1807, '613200': 376, '515193': 31651, '16578': 11331, '16867': 14121, '10959': 20049, '5403': 3654, '87788': 15438, '580545': 1888, '8388': 3680, '8526': 17230, '468534': 976, '13199': 2211, '470807': 2901, '389777': 1140, '701697': 821, '14620': 2181, '16581': 1992, '613209': 2997, '569748': 1204, '11429': 5363, '13200': 10872, '474500': 2049, '1293269': 429, '613195': 463, '632214': 7275, '498950': 160, '613194': 8753, '498000': 1044, '89368': 2053, '524961': 1573, '10953': 7025, '474820': 4625, '16750': 2797, '428173': 1992, '95405': 1909, '87676': 1668, '531371': 1119, '166757': 338, '584749': 1561, '15654': 8577, '16442': 6175, '15425': 6632, '646879': 926, '376766': 3636, '659098': 3159, '71730': 1927, '593297': 692, '390594': 675, '94007': 1135, '1402579': 305, '615165': 539, '1247160': 1816, '1441865': 1739, '397327': 825, '390401': 2998, '546609': 1393, '166531': 686, '1401711': 3485, '39127': 2933, '563256': 305, '547860': 2023, '1303252': 1313, '643898': 603, '1403814': 1067, '613885': 330, '593296': 843, '471601': 607, '16718': 1232, '391128': 497, '520991': 413, '1373029': 511, '1288957': 732, '463115': 602, '503552': 1580, '374791': 647, '390596': 550, '515302': 786, '435433': 431, '378561': 191, '494744': 746, '645753': 467, '89189': 588, '374628': 3719, '616524': 476, '377140': 1509, '1373022': 498, '613205': 215, '460324': 297, '374620': 1124, '486611': 629, '613208': 504, '613207': 326, '684986': 529, '456585': 146, '683385': 890, '446647': 575, '520397': 429, '401289': 88, '463127': 189, '426936': 464, '477288': 374, '376034': 66, '593298': 226, '1441874': 131, '391297': 92, '514515': 341, '613197': 775, '520398': 334, '524070': 97, '403081': 374, '517427': 49, '390186': 6, '476134': 9, '538901': 2}

{'green_eyes': 9113, 'grey_hair': 2809, 'grey_eyes': 1807, 'grey_legwear': 376, 'white_background': 31651, 'brown_eyes': 11331, 'brown_hair': 14121, 'blue_eyes': 20049, 'red_hair': 3654, 'blonde_hair': 15438, 'blue_background': 1888, 'green_hair': 3680, 'red_eyes': 17230, 'light_brown_hair': 976, 'black_eyes': 2211, 'red_bow': 2901, 'red_dress': 1140, 'white_bow': 821, 'white_dress': 2181, 'white_hair': 1992, 'white_legwear': 2997, 'black_background': 1204, 'pink_hair': 5363, 'black_hair': 10872, 'black_ribbon': 2049, 'blue_footwear': 429, 'blue_legwear': 463, 'grey_background': 7275, 'orange_skirt': 160, 'black_legwear': 8753, 'blue_ribbon': 1044, 'aqua_eyes': 2053, 'black_shirt': 1573, 'blue_hair': 7025, 'black_gloves': 4625, 'pink_eyes': 2797, 'blue_skirt': 1992, 'orange_eyes': 1909, 'orange_hair': 1668, 'gradient_background': 1119, 'green_dress': 338, 'pink_background': 1561, 'purple_eyes': 8577, 'purple_hair': 6175, 'silver_hair': 6632, 'brown_background': 926, 'white_shirt': 3636, 'black_footwear': 3159, 'dark_skin': 1927, 'green_background': 692, 'red_shirt': 675, 'aqua_hair': 1135, 'green_neckwear': 305, 'green_bow': 539, 'black_bow': 1816, 'black_neckwear': 1739, 'blue_shirt': 825, 'red_ribbon': 2998, 'blue_bow': 1393, 'pink_dress': 686, 'red_neckwear': 3485, 'black_dress': 2933, 'yellow_bow': 305, 'black_jacket': 2023, 'brown_footwear': 1313, 'purple_background': 603, 'blue_neckwear': 1067, 'brown_skirt': 330, 'red_background': 843, 'black_bra': 607, 'black_panties': 1232, 'gradient_hair': 497, 'pink_ribbon': 413, 'black-framed_eyewear': 511, 'white_footwear': 732, 'pink_bow': 602, 'red_skirt': 1580, 'white_panties': 647, 'purple_dress': 550, 'green_skirt': 786, 'red_gloves': 431, 'blue_skin': 191, 'shiny_skin': 746, 'orange_background': 467, 'yellow_eyes': 588, 'black_skirt': 3719, 'grey_skirt': 476, 'blue_dress': 1509, 'red-framed_eyewear': 498, 'pink_legwear': 215, 'red_bikini': 297, 'black_bikini': 1124, 'brown_gloves': 629, 'red_legwear': 504, 'purple_legwear': 326, 'beige_background': 529, 'pink_bra': 146, 'red_footwear': 890, 'pale_skin': 575, 'pink_skirt': 429, 'yellow_ribbon': 88, 'white_bra': 189, 'white_bikini': 464, 'white_ribbon': 374, 'white_eyes': 66, 'yellow_background': 226, 'yellow_neckwear': 131, 'white_skin': 92, 'pink_shirt': 341, 'brown_legwear': 775, 'white_skirt': 334, 'shiny_hair': 97, 'lavender_hair': 374, 'lavender_eyes': 49, 'silver_eyes': 6, 'black_hat': 9, 'white_hat': 2}